X:0.062012,Y:-0.051270,Z:0.963867,ADC:124 
 X:0.056885,Y:-0.054199,Z:0.959229,ADC:0 
 5*5=25 
 X:0.056396,Y:-0.063721,Z:0.966797,ADC:124 
 0#124#124#124#124#
X:0.000000,Y:1.253906,Z:-0.249695,ADC:125 
